15min 50 s 14 mAh 70 mWh
Read times - Voltage  graph	Voltage(V) - Voltage  graph	Read times - Current graph	Current(A) - Current graph	
0	4.989	0	0.0000	
1	4.989	1	0.0000	
2	4.989	2	0.0003	
3	4.988	3	0.0003	
4	4.988	4	0.0002	
5	4.989	5	0.0002	
6	4.989	6	0.0004	
7	4.989	7	0.0004	
8	4.989	8	0.0005	
9	4.987	9	0.0005	
10	4.987	10	0.0006	
11	4.989	11	0.0006	
12	4.989	12	0.0006	
13	4.989	13	0.0003	
14	4.989	14	0.0003	
15	4.989	15	0.0003	
16	4.989	16	0.0001	
17	4.979	17	0.0001	
18	4.979	18	0.0536	
19	4.981	19	0.0536	
20	4.981	20	0.0564	
21	4.979	21	0.0564	
22	4.979	22	0.0564	
23	4.980	23	0.0564	
24	4.980	24	0.0562	
25	4.979	25	0.0562	
26	4.979	26	0.0558	
27	4.979	27	0.0558	
28	4.979	28	0.0559	
29	4.980	29	0.0559	
30	4.980	30	0.0555	
31	4.980	31	0.0555	
32	4.980	32	0.0555	
33	4.980	33	0.0555	
34	4.980	34	0.0552	
35	4.980	35	0.0552	
36	4.980	36	0.0553	
37	4.981	37	0.0553	
38	4.981	38	0.0519	
39	4.981	39	0.0519	
40	4.981	40	0.0520	
41	4.981	41	0.0520	
42	4.981	42	0.0519	
43	4.981	43	0.0519	
44	4.981	44	0.0521	
45	4.981	45	0.0521	
46	4.981	46	0.0517	
47	4.981	47	0.0517	
48	4.981	48	0.0513	
49	4.981	49	0.0513	
50	4.981	50	0.0529	
51	4.980	51	0.0529	
52	4.980	52	0.0526	
53	4.980	53	0.0526	
54	4.980	54	0.0526	
55	4.980	55	0.0526	
56	4.980	56	0.0525	
57	4.979	57	0.0525	
58	4.979	58	0.0556	
59	4.980	59	0.0556	
60	4.980	60	0.0555	
61	4.979	61	0.0555	
62	4.979	62	0.0554	
63	4.980	63	0.0554	
64	4.980	64	0.0554	
65	4.979	65	0.0554	
66	4.979	66	0.0554	
67	4.980	67	0.0554	
68	4.980	68	0.0554	
69	4.979	69	0.0554	
70	4.979	70	0.0551	
71	4.979	71	0.0551	
72	4.979	72	0.0552	
73	4.979	73	0.0552	
74	4.979	74	0.0550	
75	4.980	75	0.0550	
76	4.980	76	0.0523	
77	4.980	77	0.0523	
78	4.980	78	0.0519	
79	4.980	79	0.0519	
80	4.980	80	0.0521	
81	4.980	81	0.0521	
82	4.980	82	0.0518	
83	4.980	83	0.0518	
84	4.980	84	0.0520	
85	4.981	85	0.0520	
86	4.981	86	0.0520	
87	4.980	87	0.0520	
88	4.980	88	0.0520	
89	4.981	89	0.0520	
90	4.981	90	0.0518	
91	4.981	91	0.0518	
92	4.981	92	0.0516	
93	4.981	93	0.0516	
94	4.981	94	0.0558	
95	4.981	95	0.0558	
96	4.981	96	0.0554	
97	4.981	97	0.0554	
98	4.981	98	0.0555	
99	4.981	99	0.0555	
100	4.981	100	0.0552	
101	4.981	101	0.0552	
102	4.981	102	0.0554	
103	4.981	103	0.0554	
104	4.981	104	0.0555	
105	4.981	105	0.0555	
106	4.981	106	0.0555	
107	4.981	107	0.0555	
108	4.981	108	0.0555	
109	4.981	109	0.0555	
110	4.981	110	0.0553	
111	4.981	111	0.0553	
112	4.981	112	0.0521	
113	4.981	113	0.0521	
114	4.981	114	0.0518	
115	4.981	115	0.0518	
116	4.981	116	0.0520	
117	4.981	117	0.0520	
118	4.981	118	0.0518	
119	4.980	119	0.0518	
120	4.980	120	0.0520	
121	4.982	121	0.0520	
122	4.982	122	0.0520	
123	4.981	123	0.0520	
124	4.981	124	0.0522	
125	4.982	125	0.0522	
126	4.982	126	0.0522	
127	4.981	127	0.0522	
128	4.981	128	0.0522	
129	4.982	129	0.0522	
130	4.982	130	0.0560	
131	4.981	131	0.0560	
132	4.981	132	0.0556	
133	4.980	133	0.0556	
134	4.980	134	0.0556	
135	4.980	135	0.0556	
136	4.980	136	0.0553	
137	4.980	137	0.0553	
138	4.980	138	0.0554	
139	4.981	139	0.0554	
140	4.981	140	0.0554	
141	4.981	141	0.0554	
142	4.981	142	0.0555	
143	4.981	143	0.0555	
144	4.981	144	0.0553	
145	4.981	145	0.0553	
146	4.981	146	0.0553	
147	4.981	147	0.0553	
148	4.981	148	0.0536	
149	4.981	149	0.0536	
150	4.981	150	0.0515	
151	4.981	151	0.0515	
152	4.981	152	0.0519	
153	4.981	153	0.0519	
154	4.981	154	0.0517	
155	4.981	155	0.0517	
156	4.981	156	0.0520	
157	4.981	157	0.0520	
158	4.981	158	0.0518	
159	4.981	159	0.0518	
160	4.981	160	0.0520	
161	4.982	161	0.0520	
162	4.982	162	0.0520	
163	4.980	163	0.0520	
164	4.980	164	0.0521	
165	4.981	165	0.0521	
166	4.981	166	0.0522	
167	4.980	167	0.0522	
168	4.980	168	0.0556	
169	4.981	169	0.0556	
170	4.981	170	0.0556	
171	4.980	171	0.0556	
172	4.980	172	0.0552	
173	4.981	173	0.0552	
174	4.981	174	0.0553	
175	4.980	175	0.0553	
176	4.980	176	0.0550	
177	4.980	177	0.0550	
178	4.980	178	0.0552	
179	4.980	179	0.0552	
180	4.980	180	0.0550	
181	4.980	181	0.0550	
182	4.980	182	0.0552	
183	4.981	183	0.0552	
184	4.981	184	0.0553	
185	4.981	185	0.0553	
186	4.981	186	0.0521	
187	4.982	187	0.0521	
188	4.982	188	0.0521	
189	4.981	189	0.0521	
190	4.981	190	0.0518	
191	4.981	191	0.0518	
192	4.981	192	0.0520	
193	4.981	193	0.0520	
194	4.981	194	0.0517	
195	4.981	195	0.0517	
196	4.981	196	0.0520	
197	4.981	197	0.0520	
198	4.981	198	0.0518	
199	4.981	199	0.0518	
200	4.981	200	0.0520	
201	4.982	201	0.0520	
202	4.982	202	0.0520	
203	4.981	203	0.0520	
204	4.981	204	0.0558	
205	4.981	205	0.0558	
206	4.981	206	0.0557	
207	4.981	207	0.0557	
208	4.981	208	0.0556	
209	4.981	209	0.0556	
210	4.981	210	0.0556	
211	4.981	211	0.0556	
212	4.981	212	0.0552	
213	4.981	213	0.0552	
214	4.981	214	0.0553	
215	4.980	215	0.0553	
216	4.980	216	0.0550	
217	4.981	217	0.0550	
218	4.981	218	0.0553	
219	4.981	219	0.0553	
220	4.981	220	0.0551	
221	4.981	221	0.0551	
222	4.981	222	0.0523	
223	4.981	223	0.0523	
224	4.981	224	0.0520	
225	4.981	225	0.0520	
226	4.981	226	0.0522	
227	4.982	227	0.0522	
228	4.982	228	0.0522	
229	4.981	229	0.0522	
230	4.981	230	0.0523	
231	4.982	231	0.0523	
232	4.982	232	0.0527	
233	4.980	233	0.0527	
234	4.980	234	0.0527	
235	4.981	235	0.0527	
236	4.981	236	0.0523	
237	4.981	237	0.0523	
238	4.981	238	0.0520	
239	4.981	239	0.0520	
240	4.981	240	0.0524	
241	4.981	241	0.0524	
242	4.981	242	0.0554	
243	4.979	243	0.0554	
244	4.979	244	0.0554	
245	4.981	245	0.0554	
246	4.981	246	0.0554	
247	4.981	247	0.0554	
248	4.981	248	0.0555	
249	4.981	249	0.0555	
250	4.981	250	0.0556	
251	4.981	251	0.0556	
252	4.981	252	0.0553	
253	4.981	253	0.0553	
254	4.981	254	0.0555	
255	4.981	255	0.0555	
256	4.981	256	0.0553	
257	4.981	257	0.0553	
258	4.981	258	0.0555	
259	4.982	259	0.0555	
260	4.982	260	0.0519	
261	4.981	261	0.0519	
262	4.981	262	0.0521	
263	4.982	263	0.0521	
264	4.982	264	0.0522	
265	4.981	265	0.0522	
266	4.981	266	0.0519	
267	4.981	267	0.0519	
268	4.981	268	0.0520	
269	4.981	269	0.0520	
270	4.981	270	0.0518	
271	4.981	271	0.0518	
272	4.981	272	0.0520	
273	4.981	273	0.0520	
274	4.981	274	0.0518	
275	4.981	275	0.0518	
276	4.981	276	0.0520	
277	4.981	277	0.0520	
278	4.981	278	0.0552	
279	4.981	279	0.0552	
280	4.981	280	0.0554	
281	4.981	281	0.0554	
282	4.981	282	0.0554	
283	4.981	283	0.0554	
284	4.981	284	0.0555	
285	4.981	285	0.0555	
286	4.981	286	0.0555	
287	4.981	287	0.0555	
288	4.981	288	0.0552	
289	4.981	289	0.0552	
290	4.981	290	0.0554	
291	4.981	291	0.0554	
292	4.981	292	0.0552	
293	4.981	293	0.0552	
294	4.981	294	0.0553	
295	4.981	295	0.0553	
296	4.981	296	0.0515	
297	4.981	297	0.0515	
298	4.981	298	0.0518	
299	4.982	299	0.0518	
300	4.982	300	0.0519	
301	4.981	301	0.0519	
302	4.981	302	0.0521	
303	4.982	303	0.0521	
304	4.982	304	0.0522	
305	4.981	305	0.0522	
306	4.981	306	0.0521	
307	4.982	307	0.0521	
308	4.982	308	0.0522	
309	4.981	309	0.0522	
310	4.981	310	0.0519	
311	4.981	311	0.0519	
312	4.981	312	0.0522	
313	4.981	313	0.0522	
314	4.981	314	0.0542	
315	4.981	315	0.0542	
316	4.981	316	0.0558	
317	4.981	317	0.0558	
318	4.981	318	0.0554	
319	4.980	319	0.0554	
320	4.980	320	0.0555	
321	4.981	321	0.0555	
322	4.981	322	0.0554	
323	4.980	323	0.0554	
324	4.980	324	0.0556	
325	4.981	325	0.0556	
326	4.981	326	0.0556	
327	4.981	327	0.0556	
328	4.981	328	0.0557	
329	4.981	329	0.0557	
330	4.981	330	0.0556	
331	4.981	331	0.0556	
332	4.981	332	0.0552	
333	4.981	333	0.0552	
334	4.981	334	0.0521	
335	4.981	335	0.0521	
336	4.981	336	0.0519	
337	4.981	337	0.0519	
338	4.981	338	0.0521	
339	4.982	339	0.0521	
340	4.982	340	0.0521	
341	4.981	341	0.0521	
342	4.981	342	0.0522	
343	4.982	343	0.0522	
344	4.982	344	0.0522	
345	4.981	345	0.0522	
346	4.981	346	0.0522	
347	4.982	347	0.0522	
348	4.982	348	0.0523	
349	4.981	349	0.0523	
350	4.981	350	0.0521	
351	4.981	351	0.0521	
352	4.981	352	0.0560	
353	4.981	353	0.0560	
354	4.981	354	0.0556	
355	4.979	355	0.0556	
356	4.979	356	0.0557	
357	4.980	357	0.0557	
358	4.980	358	0.0554	
359	4.981	359	0.0554	
360	4.981	360	0.0554	
361	4.981	361	0.0554	
362	4.981	362	0.0552	
363	4.981	363	0.0552	
364	4.981	364	0.0554	
365	4.981	365	0.0554	
366	4.981	366	0.0555	
367	4.981	367	0.0555	
368	4.981	368	0.0555	
369	4.982	369	0.0555	
370	4.982	370	0.0523	
371	4.981	371	0.0523	
372	4.981	372	0.0520	
373	4.981	373	0.0520	
374	4.981	374	0.0521	
375	4.981	375	0.0521	
376	4.981	376	0.0518	
377	4.981	377	0.0518	
378	4.981	378	0.0520	
379	4.981	379	0.0520	
380	4.981	380	0.0518	
381	4.981	381	0.0518	
382	4.981	382	0.0521	
383	4.982	383	0.0521	
384	4.982	384	0.0522	
385	4.981	385	0.0522	
386	4.981	386	0.0522	
387	4.982	387	0.0522	
388	4.982	388	0.0560	
389	4.979	389	0.0560	
390	4.979	390	0.0559	
391	4.981	391	0.0559	
392	4.981	392	0.0557	
393	4.981	393	0.0557	
394	4.981	394	0.0553	
395	4.981	395	0.0553	
396	4.981	396	0.0554	
397	4.980	397	0.0554	
398	4.980	398	0.0551	
399	4.981	399	0.0551	
400	4.981	400	0.0553	
401	4.981	401	0.0553	
402	4.981	402	0.0551	
403	4.980	403	0.0551	
404	4.980	404	0.0553	
405	4.981	405	0.0553	
406	4.981	406	0.0523	
407	4.981	407	0.0523	
408	4.981	408	0.0523	
409	4.982	409	0.0523	
410	4.982	410	0.0523	
411	4.981	411	0.0523	
412	4.981	412	0.0520	
413	4.981	413	0.0520	
414	4.981	414	0.0521	
415	4.981	415	0.0521	
416	4.981	416	0.0519	
417	4.981	417	0.0519	
418	4.981	418	0.0522	
419	4.981	419	0.0522	
420	4.981	420	0.0519	
421	4.981	421	0.0519	
422	4.981	422	0.0521	
423	4.982	423	0.0521	
424	4.982	424	0.0522	
425	4.981	425	0.0522	
426	4.981	426	0.0558	
427	4.981	427	0.0558	
428	4.981	428	0.0557	
429	4.981	429	0.0557	
430	4.981	430	0.0553	
431	4.981	431	0.0553	
432	4.981	432	0.0555	
433	4.981	433	0.0555	
434	4.981	434	0.0553	
435	4.981	435	0.0553	
436	4.981	436	0.0555	
437	4.981	437	0.0555	
438	4.981	438	0.0551	
439	4.981	439	0.0551	
440	4.981	440	0.0553	
441	4.982	441	0.0553	
442	4.982	442	0.0554	
443	4.981	443	0.0554	
444	4.981	444	0.0521	
445	4.982	445	0.0521	
446	4.982	446	0.0522	
447	4.981	447	0.0522	
448	4.981	448	0.0522	
449	4.982	449	0.0522	
450	4.982	450	0.0523	
451	4.981	451	0.0523	
452	4.981	452	0.0520	
453	4.981	453	0.0520	
454	4.981	454	0.0521	
455	4.981	455	0.0521	
456	4.981	456	0.0519	
457	4.981	457	0.0519	
458	4.981	458	0.0522	
459	4.982	459	0.0522	
460	4.982	460	0.0522	
461	4.981	461	0.0522	
462	4.981	462	0.0560	
463	4.981	463	0.0560	
464	4.981	464	0.0558	
465	4.981	465	0.0558	
466	4.981	466	0.0557	
467	4.981	467	0.0557	
468	4.981	468	0.0557	
469	4.981	469	0.0557	
470	4.981	470	0.0553	
471	4.981	471	0.0553	
472	4.981	472	0.0554	
473	4.981	473	0.0554	
474	4.981	474	0.0552	
475	4.980	475	0.0552	
476	4.980	476	0.0554	
477	4.980	477	0.0554	
478	4.980	478	0.0552	
479	4.980	479	0.0552	
480	4.980	480	0.0523	
481	4.982	481	0.0523	
482	4.982	482	0.0522	
483	4.981	483	0.0522	
484	4.981	484	0.0521	
485	4.981	485	0.0521	
486	4.981	486	0.0522	
487	4.981	487	0.0522	
488	4.981	488	0.0522	
489	4.982	489	0.0522	
490	4.982	490	0.0522	
491	4.980	491	0.0522	
492	4.980	492	0.0522	
493	4.981	493	0.0522	
494	4.981	494	0.0523	
495	4.981	495	0.0523	
496	4.981	496	0.0521	
497	4.981	497	0.0521	
498	4.981	498	0.0544	
499	4.980	499	0.0544	
500	4.980	500	0.0548	
501	4.980	501	0.0548	
502	4.980	502	0.0552	
503	4.981	503	0.0552	
504	4.981	504	0.0554	
505	4.980	505	0.0554	
506	4.980	506	0.0555	
507	4.981	507	0.0555	
508	4.981	508	0.0555	
509	4.980	509	0.0555	
510	4.980	510	0.0555	
511	4.981	511	0.0555	
512	4.981	512	0.0556	
513	4.980	513	0.0556	
514	4.980	514	0.0552	
515	4.980	515	0.0552	
516	4.980	516	0.0554	
517	4.981	517	0.0554	
518	4.981	518	0.0515	
519	4.980	519	0.0515	
520	4.980	520	0.0518	
521	4.981	521	0.0518	
522	4.981	522	0.0516	
523	4.980	523	0.0516	
524	4.980	524	0.0519	
525	4.981	525	0.0519	
526	4.981	526	0.0520	
527	4.981	527	0.0520	
528	4.981	528	0.0521	
529	4.981	529	0.0521	
530	4.981	530	0.0522	
531	4.980	531	0.0522	
532	4.980	532	0.0518	
533	4.981	533	0.0518	
534	4.981	534	0.0521	
535	4.980	535	0.0521	
536	4.980	536	0.0552	
537	4.980	537	0.0552	
538	4.980	538	0.0554	
539	4.980	539	0.0554	
540	4.980	540	0.0552	
541	4.980	541	0.0552	
542	4.980	542	0.0555	
543	4.980	543	0.0555	
544	4.980	544	0.0552	
545	4.980	545	0.0552	
546	4.980	546	0.0554	
547	4.981	547	0.0554	
548	4.981	548	0.0554	
549	4.980	549	0.0554	
550	4.980	550	0.0556	
551	4.981	551	0.0556	
552	4.981	552	0.0555	
553	4.980	553	0.0555	
554	4.980	554	0.0523	
555	4.981	555	0.0523	
556	4.981	556	0.0522	
557	4.981	557	0.0522	
558	4.981	558	0.0519	
559	4.980	559	0.0519	
560	4.980	560	0.0521	
561	4.980	561	0.0521	
562	4.980	562	0.0519	
563	4.980	563	0.0519	
564	4.980	564	0.0521	
565	4.980	565	0.0521	
566	4.980	566	0.0519	
567	4.980	567	0.0519	
568	4.980	568	0.0521	
569	4.979	569	0.0521	
570	4.979	570	0.0521	
571	4.980	571	0.0521	
572	4.980	572	0.0560	
573	4.980	573	0.0560	
574	4.980	574	0.0559	
575	4.979	575	0.0559	
576	4.980	576	0.0557	
577	4.980	577	0.0555	
578	4.978	578	0.0555	
579	4.978	579	0.0555	
580	4.979	580	0.0555	
581	4.979	581	0.0552	
582	4.979	582	0.0552	
583	4.979	583	0.0554	
584	4.980	584	0.0554	
585	4.980	585	0.0554	
586	4.979	586	0.0554	
587	4.979	587	0.0556	
588	4.980	588	0.0556	
589	4.980	589	0.0556	
590	4.980	590	0.0556	
591	4.980	591	0.0523	
592	4.981	592	0.0523	
593	4.981	593	0.0523	
594	4.979	594	0.0523	
595	4.979	595	0.0519	
596	4.979	596	0.0519	
597	4.979	597	0.0522	
598	4.979	598	0.0522	
599	4.979	599	0.0519	
600	4.979	600	0.0519	
601	4.979	601	0.0522	
602	4.979	602	0.0522	
603	4.979	603	0.0519	
604	4.979	604	0.0519	
605	4.979	605	0.0522	
606	4.981	606	0.0522	
607	4.981	607	0.0521	
608	4.979	608	0.0521	
609	4.979	609	0.0560	
610	4.980	610	0.0560	
611	4.980	611	0.0559	
612	4.979	612	0.0559	
613	4.979	613	0.0558	
614	4.980	614	0.0558	
615	4.980	615	0.0558	
616	4.979	616	0.0558	
617	4.979	617	0.0554	
618	4.979	618	0.0554	
619	4.979	619	0.0556	
620	4.979	620	0.0556	
621	4.979	621	0.0553	
622	4.979	622	0.0553	
623	4.979	623	0.0555	
624	4.979	624	0.0555	
625	4.979	625	0.0552	
626	4.979	626	0.0552	
627	4.979	627	0.0523	
628	4.979	628	0.0523	
629	4.979	629	0.0520	
630	4.979	630	0.0520	
631	4.979	631	0.0522	
632	4.980	632	0.0522	
633	4.980	633	0.0522	
634	4.980	634	0.0522	
635	4.980	635	0.0523	
636	4.981	636	0.0523	
637	4.981	637	0.0523	
638	4.980	638	0.0523	
639	4.980	639	0.0523	
640	4.981	640	0.0523	
641	4.981	641	0.0524	
642	4.980	642	0.0524	
643	4.980	643	0.0520	
644	4.980	644	0.0520	
645	4.980	645	0.0562	
646	4.979	646	0.0562	
647	4.979	647	0.0552	
648	4.980	648	0.0552	
649	4.980	649	0.0555	
650	4.980	650	0.0555	
651	4.980	651	0.0553	
652	4.980	652	0.0553	
653	4.980	653	0.0554	
654	4.981	654	0.0554	
655	4.981	655	0.0556	
656	4.980	656	0.0556	
657	4.980	657	0.0557	
658	4.981	658	0.0557	
659	4.981	659	0.0556	
660	4.980	660	0.0556	
661	4.980	661	0.0553	
662	4.980	662	0.0553	
663	4.980	663	0.0552	
664	4.980	664	0.0552	
665	4.980	665	0.0515	
666	4.981	666	0.0515	
667	4.981	667	0.0525	
668	4.980	668	0.0525	
669	4.980	669	0.0521	
670	4.980	670	0.0521	
671	4.980	671	0.0523	
672	4.980	672	0.0523	
673	4.980	673	0.0521	
674	4.980	674	0.0521	
675	4.980	675	0.0523	
676	4.980	676	0.0523	
677	4.980	677	0.0521	
678	4.980	678	0.0521	
679	4.980	679	0.0523	
680	4.981	680	0.0523	
681	4.981	681	0.0524	
682	4.979	682	0.0524	
683	4.979	683	0.0560	
684	4.981	684	0.0560	
685	4.981	685	0.0559	
686	4.979	686	0.0559	
687	4.979	687	0.0558	
688	4.980	688	0.0558	
689	4.980	689	0.0558	
690	4.979	690	0.0558	
691	4.979	691	0.0554	
692	4.980	692	0.0554	
693	4.980	693	0.0556	
694	4.980	694	0.0556	
695	4.980	695	0.0553	
696	4.979	696	0.0553	
697	4.979	697	0.0555	
698	4.981	698	0.0555	
699	4.981	699	0.0555	
700	4.980	700	0.0555	
701	4.980	701	0.0523	
702	4.981	702	0.0523	
703	4.981	703	0.0523	
704	4.980	704	0.0523	
705	4.980	705	0.0524	
706	4.981	706	0.0524	
707	4.981	707	0.0524	
708	4.980	708	0.0524	
709	4.980	709	0.0520	
710	4.981	710	0.0520	
711	4.981	711	0.0522	
712	4.980	712	0.0522	
713	4.980	713	0.0520	
714	4.981	714	0.0520	
715	4.981	715	0.0522	
716	4.980	716	0.0522	
717	4.980	717	0.0520	
718	4.980	718	0.0520	
719	4.980	719	0.0562	
720	4.980	720	0.0562	
721	4.980	721	0.0552	
722	4.980	722	0.0552	
723	4.980	723	0.0556	
724	4.981	724	0.0556	
725	4.981	725	0.0557	
726	4.980	726	0.0557	
727	4.980	727	0.0557	
728	4.981	728	0.0557	
729	4.981	729	0.0557	
730	4.980	730	0.0557	
731	4.980	731	0.0553	
732	4.980	732	0.0553	
733	4.980	733	0.0555	
734	4.980	734	0.0555	
735	4.980	735	0.0553	
736	4.980	736	0.0553	
737	4.980	737	0.0534	
738	4.980	738	0.0534	
739	4.980	739	0.0515	
740	4.980	740	0.0515	
741	4.980	741	0.0525	
742	4.980	742	0.0525	
743	4.980	743	0.0521	
744	4.980	744	0.0521	
745	4.980	745	0.0523	
746	4.981	746	0.0523	
747	4.981	747	0.0524	
748	4.980	748	0.0524	
749	4.980	749	0.0524	
750	4.981	750	0.0524	
751	4.981	751	0.0524	
752	4.980	752	0.0524	
753	4.980	753	0.0521	
754	4.981	754	0.0521	
755	4.981	755	0.0523	
756	4.980	756	0.0523	
757	4.980	757	0.0554	
758	4.980	758	0.0554	
759	4.980	759	0.0557	
760	4.980	760	0.0557	
761	4.980	761	0.0553	
762	4.980	762	0.0553	
763	4.980	763	0.0555	
764	4.980	764	0.0555	
765	4.980	765	0.0552	
766	4.980	766	0.0552	
767	4.980	767	0.0555	
768	4.981	768	0.0555	
769	4.981	769	0.0555	
770	4.980	770	0.0555	
771	4.980	771	0.0555	
772	4.981	772	0.0555	
773	4.981	773	0.0556	
774	4.980	774	0.0556	
775	4.980	775	0.0517	
776	4.981	776	0.0517	
777	4.981	777	0.0520	
778	4.980	778	0.0520	
779	4.980	779	0.0518	
780	4.980	780	0.0518	
781	4.980	781	0.0521	
782	4.980	782	0.0521	
783	4.980	783	0.0519	
784	4.980	784	0.0519	
785	4.980	785	0.0522	
786	4.981	786	0.0522	
787	4.981	787	0.0523	
788	4.980	788	0.0523	
789	4.980	789	0.0525	
790	4.981	790	0.0525	
791	4.981	791	0.0525	
792	4.981	792	0.0525	
793	4.981	793	0.0560	
794	4.981	794	0.0560	
795	4.981	795	0.0559	
796	4.980	796	0.0559	
797	4.980	797	0.0555	
798	4.980	798	0.0555	
799	4.980	799	0.0556	
800	4.980	800	0.0556	
801	4.980	801	0.0553	
802	4.980	802	0.0553	
803	4.980	803	0.0556	
804	4.980	804	0.0556	
805	4.980	805	0.0553	
806	4.980	806	0.0553	
807	4.980	807	0.0555	
808	4.981	808	0.0555	
809	4.981	809	0.0555	
810	4.980	810	0.0555	
811	4.980	811	0.0525	
812	4.981	812	0.0525	
813	4.981	813	0.0524	
814	4.981	814	0.0524	
815	4.981	815	0.0524	
816	4.981	816	0.0524	
817	4.981	817	0.0524	
818	4.980	818	0.0524	
819	4.980	819	0.0521	
820	4.981	820	0.0521	
821	4.981	821	0.0524	
822	4.981	822	0.0524	
823	4.981	823	0.0521	
824	4.980	824	0.0521	
825	4.980	825	0.0523	
826	4.980	826	0.0523	
827	4.980	827	0.0521	
828	4.981	828	0.0521	
829	4.981	829	0.0538	
830	4.980	830	0.0538	
831	4.980	831	0.0552	
832	4.980	832	0.0552	
833	4.980	833	0.0555	
834	4.981	834	0.0555	
835	4.981	835	0.0555	
836	4.980	836	0.0555	
837	4.980	837	0.0557	
838	4.981	838	0.0557	
839	4.981	839	0.0557	
840	4.980	840	0.0557	
841	4.980	841	0.0557	
842	4.981	842	0.0557	
843	4.981	843	0.0557	
844	4.980	844	0.0557	
845	4.980	845	0.0554	
846	4.980	846	0.0554	
847	4.980	847	0.0556	
848	4.980	848	0.0556	
849	4.980	849	0.0517	
850	4.980	850	0.0517	
851	4.980	851	0.0527	
852	4.981	852	0.0527	
853	4.981	853	0.0523	
854	4.980	854	0.0523	
855	4.980	855	0.0524	
856	4.981	856	0.0524	
857	4.981	857	0.0524	
858	4.980	858	0.0524	
859	4.980	859	0.0525	
860	4.981	860	0.0525	
861	4.981	861	0.0525	
862	4.980	862	0.0525	
863	4.980	863	0.0526	
864	4.981	864	0.0526	
865	4.981	865	0.0526	
866	4.980	866	0.0526	
867	4.980	867	0.0554	
868	4.980	868	0.0554	
869	4.980	869	0.0557	
870	4.980	870	0.0557	
871	4.980	871	0.0554	
872	4.980	872	0.0554	
873	4.980	873	0.0557	
874	4.980	874	0.0557	
875	4.980	875	0.0554	
876	4.980	876	0.0554	
877	4.980	877	0.0556	
878	4.981	878	0.0556	
879	4.981	879	0.0556	
880	4.980	880	0.0556	
881	4.980	881	0.0558	
882	4.981	882	0.0558	
883	4.981	883	0.0559	
884	4.980	884	0.0559	
885	4.980	885	0.0515	
886	4.981	886	0.0515	
887	4.981	887	0.0519	
888	4.980	888	0.0519	
889	4.980	889	0.0518	
890	4.981	890	0.0518	
891	4.981	891	0.0521	
892	4.980	892	0.0521	
893	4.980	893	0.0519	
894	4.980	894	0.0519	
895	4.980	895	0.0522	
896	4.980	896	0.0522	
897	4.980	897	0.0520	
898	4.980	898	0.0520	
899	4.980	899	0.0523	
900	4.981	900	0.0523	
901	4.981	901	0.0523	
902	4.980	902	0.0523	
903	4.980	903	0.0556	
904	4.981	904	0.0556	
905	4.981	905	0.0558	
906	4.979	906	0.0558	
907	4.979	907	0.0559	
908	4.981	908	0.0559	
909	4.981	909	0.0558	
910	4.980	910	0.0558	
911	4.980	911	0.0555	
912	4.980	912	0.0555	
913	4.980	913	0.0557	
914	4.980	914	0.0557	
915	4.980	915	0.0553	
916	4.980	916	0.0553	
917	4.980	917	0.0555	
918	4.980	918	0.0555	
919	4.980	919	0.0553	
920	4.980	920	0.0553	
921	4.980	921	0.0556	
922	4.981	922	0.0556	
923	4.981	923	0.0523	
924	4.980	924	0.0523	
925	4.980	925	0.0524	
926	4.981	926	0.0524	
927	4.981	927	0.0524	
928	4.980	928	0.0524	
929	4.980	929	0.0525	
930	4.981	930	0.0525	
931	4.981	931	0.0525	
932	4.980	932	0.0525	
933	4.980	933	0.0522	
934	4.981	934	0.0522	
935	4.981	935	0.0524	
936	4.980	936	0.0524	
937	4.980	937	0.0521	
938	4.980	938	0.0521	
939	4.980	939	0.0524	
940	4.980	940	0.0524	
941	4.980	941	0.0556	
942	4.980	942	0.0556	
943	4.980	943	0.0558	
944	4.981	944	0.0558	
945	4.981	945	0.0558	
946	4.980	946	0.0558	
947	4.980	947	0.0558	
948	4.981	948	0.0558	
949	4.981	949	0.0558	
950	4.980	950	0.0558	
951	4.980	951	0.0558	
952	4.981	952	0.0558	
953	4.981	953	0.0558	
954	4.980	954	0.0558	
955	4.980	955	0.0555	
956	4.980	956	0.0555	
957	4.980	957	0.0556	
958	4.980	958	0.0556	
959	4.980	959	0.0517	
960	4.981	960	0.0517	
961	4.981	961	0.0521	
962	4.980	962	0.0521	
963	4.980	963	0.0519	
964	4.981	964	0.0519	
965	4.981	965	0.0522	
966	4.981	966	0.0522	
967	4.981	967	0.0523	
968	4.980	968	0.0523	
969	4.980	969	0.0525	
970	4.981	970	0.0525	
971	4.981	971	0.0526	
972	4.980	972	0.0526	
973	4.980	973	0.0526	
974	4.981	974	0.0526	
975	4.981	975	0.0526	
976	4.980	976	0.0526	
977	4.980	977	0.0554	
978	4.980	978	0.0554	
979	4.980	979	0.0557	
980	4.980	980	0.0557	
981	4.980	981	0.0555	
982	4.979	982	0.0555	
983	4.979	983	0.0556	
984	4.980	984	0.0556	
985	4.980	985	0.0554	
986	4.980	986	0.0554	
987	4.980	987	0.0556	
988	4.981	988	0.0556	
989	4.981	989	0.0557	
990	4.980	990	0.0557	
991	4.980	991	0.0558	
992	4.981	992	0.0558	
993	4.981	993	0.0558	
994	4.980	994	0.0558	
995	4.980	995	0.0542	
996	4.981	996	0.0542	
997	4.981	997	0.0525	
998	4.980	998	0.0525	
999	4.980	999	0.0526	
1000	4.981	1000	0.0526	
1001	4.981	1001	0.0526	
1002	4.981	1002	0.0526	
1003	4.981	1003	0.0522	
1004	4.981	1004	0.0522	
1005	4.981	1005	0.0524	
1006	4.981	1006	0.0524	
1007	4.981	1007	0.0521	
1008	4.981	1008	0.0521	
1009	4.981	1009	0.0523	
1010	4.981	1010	0.0523	
1011	4.981	1011	0.0520	
1012	4.981	1012	0.0520	
1013	4.981	1013	0.0522	
1014	4.981	1014	0.0522	
1015	4.981	1015	0.0560	
1016	4.981	1016	0.0560	
1017	4.981	1017	0.0560	
1018	4.982	1018	0.0560	
1019	4.982	1019	0.0559	
1020	4.981	1020	0.0559	
1021	4.981	1021	0.0558	
1022	4.982	1022	0.0558	
1023	4.982	1023	0.0558	
1024	4.981	1024	0.0558	
1025	4.981	1025	0.0558	
1026	4.982	1026	0.0558	
1027	4.982	1027	0.0558	
1028	4.981	1028	0.0558	
1029	4.981	1029	0.0554	
1030	4.981	1030	0.0554	
1031	4.981	1031	0.0556	
1032	4.981	1032	0.0556	
1033	4.981	1033	0.0517	
1034	4.981	1034	0.0517	
1035	4.981	1035	0.0521	
1036	4.982	1036	0.0521	
1037	4.982	1037	0.0522	
1038	4.981	1038	0.0522	
1039	4.981	1039	0.0523	
1040	4.982	1040	0.0523	
1041	4.982	1041	0.0525	
1042	4.981	1042	0.0525	
1043	4.981	1043	0.0525	
1044	4.982	1044	0.0525	
1045	4.982	1045	0.0526	
1046	4.981	1046	0.0526	
1047	4.981	1047	0.0522	
1048	4.981	1048	0.0522	
1049	4.981	1049	0.0524	
1050	4.981	1050	0.0524	
1051	4.981	1051	0.0556	
1052	4.981	1052	0.0556	
1053	4.981	1053	0.0558	
1054	4.981	1054	0.0558	
1055	4.981	1055	0.0555	
1056	4.980	1056	0.0555	
1057	4.980	1057	0.0556	
1058	4.981	1058	0.0556	
1059	4.981	1059	0.0557	
1060	4.980	1060	0.0557	
1061	4.980	1061	0.0557	
1062	4.981	1062	0.0557	
1063	4.981	1063	0.0557	
1064	4.981	1064	0.0557	
1065	4.981	1065	0.0554	
1066	4.981	1066	0.0554	
1067	4.981	1067	0.0557	
1068	4.981	1068	0.0557	
1069	4.981	1069	0.0517	
1070	4.982	1070	0.0517	
1071	4.982	1071	0.0521	
1072	4.981	1072	0.0521	
1073	4.981	1073	0.0519	
1074	4.981	1074	0.0519	
1075	4.981	1075	0.0522	
1076	4.982	1076	0.0522	
1077	4.982	1077	0.0523	
1078	4.981	1078	0.0523	
1079	4.981	1079	0.0525	
1080	4.982	1080	0.0525	
1081	4.982	1081	0.0526	
1082	4.981	1082	0.0526	
1083	4.981	1083	0.0526	
1084	4.982	1084	0.0526	
1085	4.982	1085	0.0525	
1086	4.981	1086	0.0525	
1087	4.981	1087	0.0525	
1088	4.981	1088	0.0525	
1089	4.981	1089	0.0560	
1090	4.980	1090	0.0560	
1091	4.980	1091	0.0556	
1092	4.981	1092	0.0556	
1093	4.981	1093	0.0558	
1094	4.980	1094	0.0558	
1095	4.980	1095	0.0555	
1096	4.981	1096	0.0555	
1097	4.981	1097	0.0557	
1098	4.981	1098	0.0557	
1099	4.981	1099	0.0557	
1100	4.981	1100	0.0557	
1101	4.981	1101	0.0557	
1102	4.981	1102	0.0557	
1103	4.981	1103	0.0557	
1104	4.981	1104	0.0557	
1105	4.981	1105	0.0558	
1106	4.982	1106	0.0558	
1107	4.982	1107	0.0525	
1108	4.981	1108	0.0525	
1109	4.981	1109	0.0521	
1110	4.981	1110	0.0521	
1111	4.981	1111	0.0524	
1112	4.981	1112	0.0524	
1113	4.981	1113	0.0521	
1114	4.981	1114	0.0521	
1115	4.981	1115	0.0524	
1116	4.981	1116	0.0524	
1117	4.981	1117	0.0521	
1118	4.981	1118	0.0521	
1119	4.981	1119	0.0524	
1120	4.982	1120	0.0524	
1121	4.982	1121	0.0524	
1122	4.981	1122	0.0524	
1123	4.981	1123	0.0525	
1124	4.982	1124	0.0525	
1125	4.982	1125	0.0562	
1126	4.981	1126	0.0562	
1127	4.981	1127	0.0562	
1128	4.982	1128	0.0562	
1129	4.982	1129	0.0561	
1130	4.981	1130	0.0561	
1131	4.981	1131	0.0556	
1132	4.981	1132	0.0556	
1133	4.981	1133	0.0557	
1134	4.981	1134	0.0557	
1135	4.981	1135	0.0553	
1136	4.981	1136	0.0553	
1137	4.981	1137	0.0555	
1138	4.981	1138	0.0555	
1139	4.981	1139	0.0553	
1140	4.981	1140	0.0553	
1141	4.981	1141	0.0555	
1142	4.981	1142	0.0555	
1143	4.981	1143	0.0523	
1144	4.981	1144	0.0523	
1145	4.981	1145	0.0524	
1146	4.982	1146	0.0524	
1147	4.982	1147	0.0524	
1148	4.981	1148	0.0524	
1149	4.981	1149	0.0525	
1150	4.982	1150	0.0525	
1151	4.982	1151	0.0525	
1152	4.981	1152	0.0525	
1153	4.981	1153	0.0522	
1154	4.981	1154	0.0522	
1155	4.981	1155	0.0524	
1156	4.981	1156	0.0524	
1157	4.981	1157	0.0522	
1158	4.981	1158	0.0522	
1159	4.981	1159	0.0524	
1160	4.981	1160	0.0524	
1161	4.981	1161	0.0542	
1162	4.981	1162	0.0542	
1163	4.981	1163	0.0562	
1164	4.981	1164	0.0562	
1165	4.981	1165	0.0560	
1166	4.981	1166	0.0560	
1167	4.981	1167	0.0560	
1168	4.979	1168	0.0564	
1169	4.979	1169	0.0563	
1170	4.978	1170	0.0563	
1171	4.978	1171	0.0548	
1172	4.978	1172	0.0548	
1173	4.978	1173	0.0547	
1174	4.978	1174	0.0547	
1175	4.978	1175	0.0544	
1176	4.979	1176	0.0544	
1177	4.979	1177	0.0548	
1178	4.979	1178	0.0548	
1179	4.979	1179	0.0521	
1180	4.980	1180	0.0521	
1181	4.980	1181	0.0524	
1182	4.981	1182	0.0524	
1183	4.981	1183	0.0525	
1184	4.980	1184	0.0525	
1185	4.980	1185	0.0526	
1186	4.981	1186	0.0526	
1187	4.981	1187	0.0525	
1188	4.980	1188	0.0525	
1189	4.980	1189	0.0522	
1190	4.980	1190	0.0522	
1191	4.980	1191	0.0523	
1192	4.978	1192	0.0523	
1193	4.978	1193	0.0521	
1194	4.978	1194	0.0521	
1195	4.978	1195	0.0524	
1196	4.979	1196	0.0524	
1197	4.979	1197	0.0562	
1198	4.979	1198	0.0562	
1199	4.979	1199	0.0561	
1200	4.981	1200	0.0561	
1201	4.981	1201	0.0559	
1202	4.980	1202	0.0559	
1203	4.980	1203	0.0559	
1204	4.981	1204	0.0559	
1205	4.981	1205	0.0558	
1206	4.980	1206	0.0558	
1207	4.980	1207	0.0555	
1208	4.980	1208	0.0555	
1209	4.980	1209	0.0556	
1210	4.979	1210	0.0556	
1211	4.979	1211	0.0554	
1212	4.980	1212	0.0554	
1213	4.980	1213	0.0556	
1214	4.978	1214	0.0556	
1215	4.978	1215	0.0554	
1216	4.979	1216	0.0554	
1217	4.979	1217	0.0523	
1218	4.981	1218	0.0523	
1219	4.981	1219	0.0522	
1220	4.980	1220	0.0522	
1221	4.980	1221	0.0523	
1222	4.980	1222	0.0523	
1223	4.980	1223	0.0522	
1224	4.980	1224	0.0522	
1225	4.980	1225	0.0523	
1226	4.981	1226	0.0523	
1227	4.981	1227	0.0523	
1228	4.981	1228	0.0523	
1229	4.981	1229	0.0521	
1230	4.981	1230	0.0521	
1231	4.981	1231	0.0523	
1232	4.980	1232	0.0523	
1233	4.980	1233	0.0521	
1234	4.980	1234	0.0521	
1235	4.980	1235	0.0560	
1236	4.978	1236	0.0560	
1237	4.978	1237	0.0556	
1238	4.978	1238	0.0556	
1239	4.978	1239	0.0557	
1240	4.979	1240	0.0557	
1241	4.979	1241	0.0556	
1242	4.980	1242	0.0556	
1243	4.980	1243	0.0558	
1244	4.981	1244	0.0558	
1245	4.981	1245	0.0557	
1246	4.980	1246	0.0557	
1247	4.980	1247	0.0553	
1248	4.979	1248	0.0553	
1249	4.979	1249	0.0554	
1250	4.978	1250	0.0554	
1251	4.978	1251	0.0552	
1252	4.980	1252	0.0552	
1253	4.980	1253	0.0521	
1254	4.981	1254	0.0521	
1255	4.981	1255	0.0519	
1256	4.981	1256	0.0519	
1257	4.981	1257	0.0522	
1258	4.981	1258	0.0522	
1259	4.981	1259	0.0522	
1260	4.980	1260	0.0522	
1261	4.980	1261	0.0523	
1262	4.981	1262	0.0523	
1263	4.981	1263	0.0523	
1264	4.980	1264	0.0523	
1265	4.980	1265	0.0524	
1266	4.981	1266	0.0524	
1267	4.981	1267	0.0524	
1268	4.980	1268	0.0524	
1269	4.980	1269	0.0522	
1270	4.980	1270	0.0522	
1271	4.980	1271	0.0562	
1272	4.979	1272	0.0562	
1273	4.979	1273	0.0558	
1274	4.980	1274	0.0558	
1275	4.980	1275	0.0559	
1276	4.979	1276	0.0559	
1277	4.979	1277	0.0555	
1278	4.980	1278	0.0555	
1279	4.980	1279	0.0556	
1280	4.981	1280	0.0556	
1281	4.981	1281	0.0556	
1282	4.980	1282	0.0556	
1283	4.980	1283	0.0556	
1284	4.981	1284	0.0556	
1285	4.981	1285	0.0557	
1286	4.980	1286	0.0557	
1287	4.980	1287	0.0557	
1288	4.981	1288	0.0557	
1289	4.981	1289	0.0532	
1290	4.981	1290	0.0532	
1291	4.981	1291	0.0517	
1292	4.979	1292	0.0517	
1293	4.979	1293	0.0520	
1294	4.980	1294	0.0520	
1295	4.980	1295	0.0519	
1296	4.981	1296	0.0519	
1297	4.981	1297	0.0522	
1298	4.981	1298	0.0522	
1299	4.981	1299	0.0520	
1300	4.981	1300	0.0520	
1301	4.981	1301	0.0520	
1302	4.981	1302	0.0520	
1303	4.981	1303	0.0522	
1304	4.981	1304	0.0522	
1305	4.981	1305	0.0524	
1306	4.981	1306	0.0524	
1307	4.981	1307	0.0524	
1308	4.980	1308	0.0524	
1309	4.980	1309	0.0554	
1310	4.980	1310	0.0554	
1311	4.980	1311	0.0556	
1312	4.980	1312	0.0556	
1313	4.980	1313	0.0554	
1314	4.981	1314	0.0554	
1315	4.981	1315	0.0556	
1316	4.980	1316	0.0556	
1317	4.980	1317	0.0554	
1318	4.980	1318	0.0554	
1319	4.980	1319	0.0556	
1320	4.981	1320	0.0556	
1321	4.981	1321	0.0556	
1322	4.980	1322	0.0556	
1323	4.980	1323	0.0557	
1324	4.981	1324	0.0557	
1325	4.981	1325	0.0556	
1326	4.981	1326	0.0556	
1327	4.981	1327	0.0517	
1328	4.981	1328	0.0517	
1329	4.981	1329	0.0521	
1330	4.981	1330	0.0521	
1331	4.981	1331	0.0520	
1332	4.981	1332	0.0520	
1333	4.981	1333	0.0521	
1334	4.981	1334	0.0521	
1335	4.981	1335	0.0520	
1336	4.981	1336	0.0520	
1337	4.981	1337	0.0523	
1338	4.982	1338	0.0523	
1339	4.982	1339	0.0524	
1340	4.981	1340	0.0524	
1341	4.981	1341	0.0524	
1342	4.982	1342	0.0524	
1343	4.982	1343	0.0523	
1344	4.981	1344	0.0523	
1345	4.981	1345	0.0558	
1346	4.981	1346	0.0558	
1347	4.981	1347	0.0557	
1348	4.980	1348	0.0557	
1349	4.980	1349	0.0554	
1350	4.980	1350	0.0554	
1351	4.980	1351	0.0556	
1352	4.980	1352	0.0556	
1353	4.980	1353	0.0553	
1354	4.980	1354	0.0553	
1355	4.980	1355	0.0555	
1356	4.981	1356	0.0555	
1357	4.981	1357	0.0555	
1358	4.980	1358	0.0555	
1359	4.980	1359	0.0555	
1360	4.981	1360	0.0555	
1361	4.981	1361	0.0555	
1362	4.980	1362	0.0555	
1363	4.980	1363	0.0523	
1364	4.982	1364	0.0523	
1365	4.982	1365	0.0524	
1366	4.981	1366	0.0524	
1367	4.981	1367	0.0521	
1368	4.981	1368	0.0521	
1369	4.981	1369	0.0523	
1370	4.979	1370	0.0523	
1371	4.979	1371	0.0521	
1372	4.979	1372	0.0521	
1373	4.979	1373	0.0523	
1374	4.980	1374	0.0523	
1375	4.980	1375	0.0521	
1376	4.981	1376	0.0521	
1377	4.981	1377	0.0524	
1378	4.982	1378	0.0524	
1379	4.982	1379	0.0536	
1380	4.981	1380	0.0536	
1381	4.981	1381	0.0539	
1382	4.979	1382	0.0539	
1383	4.979	1383	0.0560	
1384	4.980	1384	0.0560	
1385	4.980	1385	0.0556	
1386	4.980	1386	0.0556	
1387	4.980	1387	0.0557	
1388	4.980	1388	0.0557	
1389	4.980	1389	0.0554	
1390	4.980	1390	0.0554	
1391	4.980	1391	0.0556	
1392	4.979	1392	0.0556	
1393	4.979	1393	0.0554	
1394	4.980	1394	0.0554	
1395	4.980	1395	0.0556	
1396	4.980	1396	0.0556	
1397	4.980	1397	0.0557	
1398	4.979	1398	0.0557	
1399	4.979	1399	0.0557	
1400	4.981	1400	0.0557	
1401	4.981	1401	0.0525	
1402	4.981	1402	0.0525	
1403	4.981	1403	0.0522	
1404	4.981	1404	0.0522	
1405	4.981	1405	0.0523	
1406	4.981	1406	0.0523	
1407	4.981	1407	0.0523	
1408	4.981	1408	0.0523	
1409	4.981	1409	0.0525	
1410	4.981	1410	0.0525	
1411	4.981	1411	0.0523	
1412	4.981	1412	0.0523	
1413	4.981	1413	0.0525	
1414	4.982	1414	0.0525	
1415	4.982	1415	0.0527	
1416	4.981	1416	0.0527	
1417	4.981	1417	0.0529	
1418	4.981	1418	0.0529	
1419	4.981	1419	0.0558	
1420	4.980	1420	0.0558	
1421	4.980	1421	0.0557	
1422	4.981	1422	0.0557	
1423	4.981	1423	0.0555	
1424	4.980	1424	0.0555	
1425	4.980	1425	0.0551	
1426	4.981	1426	0.0551	
1427	4.981	1427	0.0552	
1428	4.981	1428	0.0552	
1429	4.981	1429	0.0550	
1430	4.979	1430	0.0550	
1431	4.979	1431	0.0552	
1432	4.981	1432	0.0552	
1433	4.981	1433	0.0551	
1434	4.980	1434	0.0551	
1435	4.980	1435	0.0552	
1436	4.980	1436	0.0552	
1437	4.980	1437	0.0521	
1438	4.981	1438	0.0521	
1439	4.981	1439	0.0524	
1440	4.982	1440	0.0524	
1441	4.982	1441	0.0525	
1442	4.981	1442	0.0525	
1443	4.981	1443	0.0526	
1444	4.982	1444	0.0526	
1445	4.982	1445	0.0527	
1446	4.980	1446	0.0527	
1447	4.980	1447	0.0524	
1448	4.981	1448	0.0524	
1449	4.981	1449	0.0525	
1450	4.981	1450	0.0525	
1451	4.981	1451	0.0523	
1452	4.981	1452	0.0523	
1453	4.981	1453	0.0525	
1454	4.981	1454	0.0525	
1455	4.981	1455	0.0552	
1456	4.980	1456	0.0552	
1457	4.980	1457	0.0556	
1458	4.981	1458	0.0556	
1459	4.981	1459	0.0557	
1460	4.980	1460	0.0557	
1461	4.980	1461	0.0558	
1462	4.981	1462	0.0558	
1463	4.981	1463	0.0559	
1464	4.980	1464	0.0559	
1465	4.980	1465	0.0557	
1466	4.982	1466	0.0557	
1467	4.982	1467	0.0557	
1468	4.981	1468	0.0557	
1469	4.981	1469	0.0553	
1470	4.981	1470	0.0553	
1471	4.981	1471	0.0555	
1472	4.981	1472	0.0555	
1473	4.981	1473	0.0553	
1474	4.981	1474	0.0553	
1475	4.981	1475	0.0525	
1476	4.981	1476	0.0525	
1477	4.981	1477	0.0522	
1478	4.981	1478	0.0522	
1479	4.981	1479	0.0523	
1480	4.982	1480	0.0523	
1481	4.982	1481	0.0523	
1482	4.982	1482	0.0523	
1483	4.982	1483	0.0525	
1484	4.982	1484	0.0525	
1485	4.982	1485	0.0526	
1486	4.982	1486	0.0526	
1487	4.982	1487	0.0526	
1488	4.982	1488	0.0526	
1489	4.982	1489	0.0526	
1490	4.981	1490	0.0526	
1491	4.981	1491	0.0522	
1492	4.981	1492	0.0522	
1493	4.981	1493	0.0560	
1494	4.981	1494	0.0560	
1495	4.981	1495	0.0557	
1496	4.981	1496	0.0557	
1497	4.981	1497	0.0557	
1498	4.981	1498	0.0557	
1499	4.981	1499	0.0554	
1500	4.981	1500	0.0554	
1501	4.981	1501	0.0557	
1502	4.982	1502	0.0557	
1503	4.982	1503	0.0556	
1504	4.981	1504	0.0556	
1505	4.981	1505	0.0557	
1506	4.982	1506	0.0557	
1507	4.982	1507	0.0556	
1508	4.981	1508	0.0556	
1509	4.981	1509	0.0557	
1510	4.982	1510	0.0557	
1511	4.982	1511	0.0525	
1512	4.982	1512	0.0525	
1513	4.982	1513	0.0521	
1514	4.982	1514	0.0521	
1515	4.982	1515	0.0523	
1516	4.981	1516	0.0523	
1517	4.981	1517	0.0521	
1518	4.982	1518	0.0521	
1519	4.982	1519	0.0523	
1520	4.982	1520	0.0523	
1521	4.982	1521	0.0524	
1522	4.981	1522	0.0524	
1523	4.981	1523	0.0525	
1524	4.982	1524	0.0525	
1525	4.982	1525	0.0526	
1526	4.981	1526	0.0526	
1527	4.981	1527	0.0526	
1528	4.982	1528	0.0526	
1529	4.982	1529	0.0562	
1530	4.981	1530	0.0562	
1531	4.981	1531	0.0558	
1532	4.981	1532	0.0558	
1533	4.981	1533	0.0558	
1534	4.981	1534	0.0558	
1535	4.981	1535	0.0555	
1536	4.981	1536	0.0555	
1537	4.981	1537	0.0557	
1538	4.981	1538	0.0557	
1539	4.981	1539	0.0554	
1540	4.981	1540	0.0554	
1541	4.981	1541	0.0556	
1542	4.982	1542	0.0556	
1543	4.982	1543	0.0557	
1544	4.981	1544	0.0557	
1545	4.981	1545	0.0558	
1546	4.982	1546	0.0558	
1547	4.982	1547	0.0523	
1548	4.982	1548	0.0523	
1549	4.982	1549	0.0526	
1550	4.982	1550	0.0526	
1551	4.982	1551	0.0524	
1552	4.982	1552	0.0524	
1553	4.982	1553	0.0521	
1554	4.982	1554	0.0521	
1555	4.982	1555	0.0524	
1556	4.982	1556	0.0524	
1557	4.982	1557	0.0522	
1558	4.982	1558	0.0522	
1559	4.982	1559	0.0523	
1560	4.982	1560	0.0523	
1561	4.982	1561	0.0521	
1562	4.982	1562	0.0521	
1563	4.982	1563	0.0524	
1564	4.983	1564	0.0524	
1565	4.983	1565	0.0528	
1566	4.981	1566	0.0528	
1567	4.981	1567	0.0560	
1568	4.982	1568	0.0560	
1569	4.982	1569	0.0559	
1570	4.981	1570	0.0559	
1571	4.981	1571	0.0558	
1572	4.982	1572	0.0558	
1573	4.982	1573	0.0559	
1574	4.981	1574	0.0559	
1575	4.981	1575	0.0558	
1576	4.982	1576	0.0558	
1577	4.982	1577	0.0559	
1578	4.981	1578	0.0559	
1579	4.981	1579	0.0558	
1580	4.981	1580	0.0558	
1581	4.981	1581	0.0558	
1582	4.981	1582	0.0558	
1583	4.981	1583	0.0554	
1584	4.982	1584	0.0554	
1585	4.982	1585	0.0525	
1586	4.982	1586	0.0525	
1587	4.982	1587	0.0524	
1588	4.982	1588	0.0524	
1589	4.982	1589	0.0523	
1590	4.982	1590	0.0523	
1591	4.982	1591	0.0524	
1592	4.982	1592	0.0524	
1593	4.982	1593	0.0521	
1594	4.982	1594	0.0521	
1595	4.982	1595	0.0523	
1596	4.982	1596	0.0523	
1597	4.982	1597	0.0521	
1598	4.982	1598	0.0521	
1599	4.982	1599	0.0523	
1600	4.980	1600	0.0523	
1601	4.980	1601	0.0521	
1602	4.981	1602	0.0521	
1603	4.981	1603	0.0562	
1604	4.982	1604	0.0562	
1605	4.982	1605	0.0559	
1606	4.981	1606	0.0559	
1607	4.981	1607	0.0558	
1608	4.982	1608	0.0558	
1609	4.982	1609	0.0559	
1610	4.981	1610	0.0559	
1611	4.981	1611	0.0554	
1612	4.981	1612	0.0554	
1613	4.981	1613	0.0556	
1614	4.981	1614	0.0556	
1615	4.981	1615	0.0556	
1616	4.981	1616	0.0556	
1617	4.981	1617	0.0568	
1618	4.981	1618	0.0568	
1619	4.981	1619	0.0556	
1620	4.981	1620	0.0556	
1621	4.981	1621	0.0499	
1622	4.982	1622	0.0499	
1623	4.982	1623	0.0544	
1624	4.981	1624	0.0544	
1625	4.981	1625	0.0519	
1626	4.982	1626	0.0519	
1627	4.982	1627	0.0505	
1628	4.981	1628	0.0505	
1629	4.981	1629	0.0509	
1630	4.982	1630	0.0509	
1631	4.982	1631	0.0511	
1632	4.981	1632	0.0511	
1633	4.981	1633	0.0515	
1634	4.982	1634	0.0515	
1635	4.982	1635	0.0517	
1636	4.981	1636	0.0517	
1637	4.981	1637	0.0514	
1638	4.981	1638	0.0514	
1639	4.981	1639	0.0546	
1640	4.981	1640	0.0546	
1641	4.981	1641	0.0546	
1642	4.980	1642	0.0546	
1643	4.980	1643	0.0550	
1644	4.981	1644	0.0550	
1645	4.981	1645	0.0551	
1646	4.980	1646	0.0551	
1647	4.980	1647	0.0551	
1648	4.981	1648	0.0551	
1649	4.981	1649	0.0551	
1650	4.981	1650	0.0551	
1651	4.981	1651	0.0550	
1652	4.981	1652	0.0550	
1653	4.981	1653	0.0551	
1654	4.981	1654	0.0551	
1655	4.981	1655	0.0553	
1656	4.981	1656	0.0553	
1657	4.981	1657	0.0553	
1658	4.981	1658	0.0553	
1659	4.981	1659	0.0525	
1660	4.981	1660	0.0525	
1661	4.981	1661	0.0524	
1662	4.981	1662	0.0524	
1663	4.981	1663	0.0520	
1664	4.981	1664	0.0520	
1665	4.981	1665	0.0522	
1666	4.982	1666	0.0522	
1667	4.982	1667	0.0520	
1668	4.981	1668	0.0520	
1669	4.981	1669	0.0522	
1670	4.982	1670	0.0522	
1671	4.982	1671	0.0522	
1672	4.981	1672	0.0522	
1673	4.981	1673	0.0523	
1674	4.982	1674	0.0523	
1675	4.982	1675	0.0524	
1676	4.981	1676	0.0524	
1677	4.981	1677	0.0550	
1678	4.981	1678	0.0550	
1679	4.981	1679	0.0552	
1680	4.981	1680	0.0552	
1681	4.981	1681	0.0550	
1682	4.981	1682	0.0550	
1683	4.981	1683	0.0552	
1684	4.981	1684	0.0552	
1685	4.981	1685	0.0552	
1686	4.981	1686	0.0552	
1687	4.981	1687	0.0553	
1688	4.981	1688	0.0553	
1689	4.981	1689	0.0552	
1690	4.981	1690	0.0552	
1691	4.981	1691	0.0553	
1692	4.981	1692	0.0553	
1693	4.981	1693	0.0555	
1694	4.981	1694	0.0555	
1695	4.981	1695	0.0525	
1696	4.981	1696	0.0525	
1697	4.981	1697	0.0526	
1698	4.980	1698	0.0526	
1699	4.980	1699	0.0522	
1700	4.981	1700	0.0522	
1701	4.981	1701	0.0536	
1702	4.981	1702	0.0536	
1703	4.981	1703	0.0550	
1704	4.981	1704	0.0550	
1705	4.981	1705	0.0534	
1706	4.982	1706	0.0534	
1707	4.982	1707	0.0521	
1708	4.981	1708	0.0521	
1709	4.981	1709	0.0519	
1710	4.982	1710	0.0519	
1711	4.982	1711	0.0518	
1712	4.981	1712	0.0518	
1713	4.981	1713	0.0546	
1714	4.982	1714	0.0546	
1715	4.982	1715	0.0546	
1716	4.981	1716	0.0546	
1717	4.981	1717	0.0543	
1718	4.981	1718	0.0543	
1719	4.981	1719	0.0545	
1720	4.979	1720	0.0545	
1721	4.979	1721	0.0544	
1722	4.981	1722	0.0544	
1723	4.981	1723	0.0547	
1724	4.980	1724	0.0547	
1725	4.980	1725	0.0548	
1726	4.981	1726	0.0548	
1727	4.981	1727	0.0550	
1728	4.982	1728	0.0550	
1729	4.982	1729	0.0551	
1730	4.980	1730	0.0551	
1731	4.980	1731	0.0540	
